2.9159858673373 0.44769330771709 5.5327561849679 3.8739107600094 
-3.7316106138536 0.030015236169851 9.9540789161256 -0.83419131230815 
-7.5962094263942 1.2286199016479 12.502385214113 -4.0357722663497 
-2.3390922042392 8.3371489671222 11.152081701627 0.044059421313943 
-7.422590987666 -4.0947598216396 5.7294967465723 -0.58853696548901 
-13.799224312217 2.762513921019 11.811513439195 2.43334176622 
-20.01163871908 0.19195746061291 12.825650738425 3.5748169249629 
-26.059185958467 16.005453009232 22.447651954353 4.8747639481823 
-22.789700792805 20.547986958688 19.605220340406 6.7657071853452 
-20.959132111857 20.558279531933 16.356504989581 7.1443542332162 
-22.897605180263 14.568781607595 13.527958437586 4.5755468761081 
-20.063017193711 20.671552454477 16.394530365588 10.222216615476 
-18.12665017847 25.78216272404 16.791331595007 14.913352266925 
-17.817032206966 33.423462766417 18.161632227892 13.696784550242 
-6.0271505995793 34.509189167151 20.062272193668 21.300247834358 
-7.0520134392433 35.265102023401 25.115975091509 28.138097821951 
-14.746649554337 27.863483834808 20.755252292678 23.269688600123 
-11.979201126873 34.04904046254 27.598478483917 25.114174364489 
-11.960471912751 30.358747188666 22.232003905588 21.548896584212 
-1.6933899207936 28.865307309896 17.585033898593 26.747204293443 
-13.511686524511 24.38689605194 14.050855719278 19.363906873868 
-10.996674503856 30.594655988809 20.145253130556 21.375885319122 
-8.7366740787385 44.31691192264 26.110714855283 26.341525898644 
-0.51456793385973 45.134496384289 27.976474558411 34.36171275035 
2.0339636409634 48.723147023538 28.572207103308 41.597702682384 
-1.5649407196522 50.307162401202 36.342629314925 48.491783441478 
-4.5695961780253 61.349516396994 33.274838370886 50.147762635149 
-7.8483035463319 56.166097989115 36.802322690372 51.579294585383 
-15.109091856594 61.680966625381 43.252790927651 55.880192596729 
-21.918921072784 58.769480343156 42.394082197513 54.815848068701 
-9.248692247622 59.509043557711 33.73280475738 64.127145032921 
-16.882648160462 45.455016624596 34.301125690463 64.544370030343 
-8.5580877375163 42.925485727187 35.045160361363 78.754696485741 
-17.805931716259 43.288394871072 37.332703185319 81.323200815769 
-14.462728364438 44.769299095849 35.769737005031 81.517580958391 
-15.833584436931 42.500531688882 35.630388591037 76.04819059947 
-12.095301407194 46.160481529934 44.910313866965 74.943286459425 
-3.2108226279406 48.524416406116 40.574201034245 81.385523666979 
-3.2724357077975 44.001865348111 37.166043306373 89.350841637963 
3.083190799433 52.031031196977 37.52572565833 100.86615376163 
7.0513732079289 52.418185404438 45.641225669296 111.70862679571 
4.1177059990992 46.583244742343 39.716978631594 113.59714479571 
13.538385878728 50.338098242481 33.267815846915 120.76922253537 
9.7702514491175 35.924014682739 30.242640670617 123.36171568509 
9.6274172828005 48.053124879555 39.487563511434 128.40099695598 
0.25767939870947 39.841646535035 43.013475981841 118.82780713996 
10.170379360284 49.473253875045 42.755845158968 125.09444236218 
17.129442936885 50.731556973809 35.993870593888 137.11226882057 
8.4351228173796 52.852235040592 35.576186252362 136.70644520282 
19.005472461916 59.807170573996 35.039972449742 147.56877969669 
12.61065669146 53.38643977855 27.478368441339 145.96608883448 
8.8323425493917 52.538802234501 32.19461934817 139.95814262591 
10.92513041987 58.405139119223 41.021543353912 138.70632594092 
24.094260133826 68.940713811788 36.615731557047 148.37179200175 
25.984943806004 67.529498399658 37.406022382737 156.09946942066 
22.609125001027 65.669081886086 31.679680521113 155.78839742887 
24.188014642115 51.633726782015 23.267974042682 158.66710518469 
20.435601784091 60.053345339639 34.3291506223 167.9664545934 
18.117569791723 66.862090014642 45.204799812991 176.72508983444 
10.588778361765 63.049149732619 47.413290036919 175.7286660722 
9.4935121306757 72.642120678297 52.784539714211 178.26606295938 
-0.26657666486387 74.833692209422 47.147749028036 166.92874644865 
13.555394456466 85.94044866408 43.910928379413 166.79475479996 
15.766750638116 81.748914980917 43.248225035425 168.30382976582 
12.182409816932 84.954860296493 44.17887495139 168.38315042136 
18.723070245442 105.23466020439 51.863870043681 173.31859834758 
24.323869585337 106.73742541359 46.769096005198 173.60258807633 
20.765217609149 106.15647303776 50.237488103614 169.79359847785 
29.398787644797 111.04768723407 48.085644049622 179.36200979331 
30.825697504107 132.61601243251 56.174218612633 186.41801458166 
42.637028031231 134.65251406603 55.412268753051 192.12667214304 
39.438541890366 130.18485183368 61.618083040885 193.20008924736 
41.596938230635 131.33743854506 65.528674177707 199.60655140611 
30.157363651191 131.86383290947 64.746525652972 197.1432482254 
36.261903569343 146.20164148901 61.618084858959 203.98327824942 
30.836132351298 146.36411062739 66.262488666884 203.86886402287 
36.336483091623 153.97139516762 69.992119850375 212.09505152878 
20.478115171857 156.64011725005 72.975386399572 206.02623072119 
30.663260285087 166.93330667997 76.221193234749 214.87503534699 
25.667665646452 175.63871407808 84.223227085567 217.38085954307 
21.275723675685 169.4164895206 82.499135824103 217.86357334853 
19.050936825906 178.51034848891 77.374222679809 220.21507500139 
19.126088327563 182.86434340809 77.689933331016 221.07970602626 
27.13257804954 187.13569723651 76.338705034484 228.54803357306 
32.279167254469 198.39528229623 80.475982805784 237.50091728932 
33.49827441558 195.47714270843 84.577003365506 240.71952193099 
39.526386465689 197.47855099147 83.783586541615 248.99122494612 
39.906340710292 204.54332231767 87.473321401292 255.38693949898 
37.593614904554 196.52674877992 81.613791233922 254.11030526213 
35.943230416559 191.95765915267 83.941932743373 259.9587923143 
23.347568972677 197.94758684032 87.472028290004 259.65606367293 
25.701628572325 215.46638006154 88.849729990937 264.89280886162 
18.493359328375 208.72933581998 89.260336420622 262.13227910648 
17.428787738244 210.13814283346 93.139501945786 263.65561700183 
12.135202622653 204.42085116859 84.367728541942 265.85429216444 
7.4527874663036 212.87760162843 84.300562692696 267.09193448973 
1.8524038435785 205.82574612662 79.687041874202 262.94781322293 
2.4472374596366 215.26449224962 82.262527357508 267.62980665954 
1.7810268145021 214.90697744991 77.212786238029 265.68331818071 
6.921535848097 207.47911481834 74.827934557396 270.07456948622 
