-1.7905 2.86412 -1.66777 -5.45567 3.03402 -0.574175 
-1.03869 -4.75883 4.98083 -2.92615 6.75665 3.59686 
5.50992 0.338596 0.980147 -7.55247 -13.3753 -1.08029 
0.749752 -3.62659 -2.55709 -1.60459 6.37316 -2.70769 
3.19092 -5.35665 1.28283 -0.26981 -6.44903 1.36193 
4.29863 -6.29137 -11.2317 -1.39848 -0.465429 0.771522 
5.72195 -5.80963 -2.20021 -2.67332 0.171022 -1.54456 
-1.90216 -6.80103 -4.20136 -5.88872 7.77107 0.929303 
-0.246651 -10.1373 3.74726 -5.77666 6.95597 1.5792 
-0.92051 -7.23294 1.05628 -5.63684 10.6771 -0.752052 
-2.32287 -9.15689 1.32127 -10.2254 -1.58123 -1.80066 
-0.348078 -12.379 5.89927 -10.9643 7.11679 1.5059 
1.29783 -8.54045 4.27861 -7.82431 -1.43365 -4.87735 
2.12678 -13.4436 -4.2762 -3.82681 3.69166 -3.53965 
0.137849 -15.417 1.26165 -7.51726 -9.19449 -0.822759 
-2.32549 -15.4172 -2.04109 -8.35771 -10.4149 0.613258 
1.33793 -12.6175 2.50109 -4.5441 -8.50753 0.790662 
-2.99878 -13.9806 3.69058 -4.42574 -11.5863 1.64411 
-4.43581 -16.501 1.63542 -7.22566 -2.40135 0.121918 
2.03125 -18.519 3.5813 -13.2489 -7.14677 1.42214 
1.6617 -23.3372 3.95899 -12.0248 -5.5779 -2.50695 
0.168867 -19.4756 3.08854 -8.2912 -0.433933 -2.63953 
-0.0130828 -21.6398 -1.52572 -7.78128 -9.41914 -0.709793 
3.50385 -24.317 4.84622 -7.46278 -5.1896 4.2618 
-1.12728 -25.9427 5.38 -11.1605 -7.12348 1.38901 
0.241135 -21.9596 -2.4473 -12.8251 -3.90444 5.70764 
-2.73549 -26.8947 -0.301771 -6.66246 -1.56834 -3.17087 
7.25283 -27.1691 1.58242 -14.9724 -8.56429 -3.18611 
5.58674 -29.4051 -3.16997 -4.32225 -3.95319 -5.48281 
1.40383 -33.0034 1.5991 -7.56897 0.541847 -2.95114 
-3.00706 -27.8662 -4.92654 -8.53574 4.40314 1.06003 
-0.040083 -32.8407 -3.303 -14.4015 0.708066 -3.71437 
-3.20795 -33.0512 -4.64722 -13.9718 2.81162 0.593201 
-3.74836 -34.7952 -0.549751 -10.8593 9.92522 0.862589 
5.59395 -35.0376 -3.67819 -12.0165 13.4633 1.51336 
-2.46063 -40.723 6.8208 -10.8471 14.1392 1.85711 
1.5334 -39.0834 2.14033 -13.2092 18.033 3.51241 
-0.998528 -38.1263 4.43925 -16.0355 23.5245 4.39561 
0.987607 -42.9977 -2.06555 -16.3241 28.6886 6.29546 
-3.71929 -41.512 1.84549 -14.2529 26.6117 3.45714 
-0.137619 -38.5953 0.685186 -18.9825 23.8814 7.78952 
6.82503 -41.3269 1.4492 -10.0021 17.1572 4.55681 
3.66722 -40.4754 -1.1735 -16.9934 24.7183 -3.06602 
-1.35665 -41.3348 2.57762 -15.1644 21.8764 -1.76098 
-2.32587 -40.4569 -0.725019 -13.8033 15.2172 0.493258 
4.3756 -47.4021 7.07613 -17.6444 12.2662 -6.07531 
3.83865 -45.4823 0.612956 -16.6879 4.11317 3.44258 
0.581747 -46.6313 -5.08576 -14.7224 2.24105 2.86696 
2.2265 -46.5854 -4.93627 -17.7775 1.44536 3.92734 
1.98714 -51.2277 -4.50285 -17.8467 -4.15055 2.60996 
0.917971 -50.9914 -2.66019 -14.8949 5.99733 -1.46349 
5.86234 -51.3756 -4.51449 -16.4484 5.05485 -4.28126 
-1.22695 -48.8348 -3.23274 -17.8065 5.40236 1.73534 
2.82373 -48.3056 0.252321 -18.9887 -0.383893 -6.93391 
1.1116 -56.4922 1.46721 -14.5097 5.83099 -3.68869 
-0.0317553 -55.2183 -0.950342 -18.2295 1.78222 -4.82025 
-0.0437268 -61.2846 -5.77394 -15.1998 11.1177 2.7014 
1.53858 -56.8174 4.59077 -20.0955 14.6672 2.93666 
1.18026 -60.584 0.377498 -17.9056 19.8599 3.58386 
1.65077 -62.4647 2.46039 -22.3872 25.1998 -0.0420488 
-2.25042 -68.2626 -4.90818 -20.2712 23.1587 9.37649 
1.45523 -61.0306 3.04729 -19.7077 20.4118 6.71966 
-3.12649 -63.5354 3.16448 -24.1915 22.6714 6.44887 
-1.31551 -63.9117 0.211546 -23.3157 28.029 7.54915 
-3.80887 -67.5221 5.62063 -26.6323 21.0751 1.02957 
-2.44231 -67.2325 0.421988 -22.6877 18.8276 8.33303 
-5.16967 -65.6942 -3.44135 -24.5287 15.4823 6.70718 
-0.86318 -69.0891 -3.02007 -22.0965 11.3548 3.6795 
3.2416 -63.2281 2.96527 -22.5111 11.3881 1.25783 
-3.03306 -66.6396 4.86938 -25.4737 -1.78957 2.58399 
1.84535 -70.1455 3.55855 -16.3876 -0.14073 -2.19329 
-2.95483 -64.847 -1.38485 -22.0689 -3.96327 -2.31177 
0.910874 -71.5646 4.41385 -17.4736 -8.46175 -2.90689 
-0.858671 -69.2389 0.0791275 -20.9898 -15.2032 0.555919 
-1.07564 -75.5938 7.43354 -23.1176 -10.3351 2.58965 
-0.194021 -71.4983 -4.56679 -23.5869 -16.5789 0.896099 
5.92451 -72.777 -3.43983 -21.8502 -21.8618 -2.3199 
4.84007 -81.2485 3.43539 -21.5074 -19.2693 -8.69213 
-2.51056 -80.5168 -0.54217 -22.2754 -14.6039 -4.25819 
0.939784 -79.5405 5.72106 -20.7935 -7.45901 -5.35202 
0.178546 -80.8562 3.81001 -23.6355 -9.92614 -9.75848 
-2.7387 -84.1432 1.46353 -20.1193 0.886933 -4.00596 
1.43118 -78.477 -6.28293 -20.7589 -6.61685 -4.79667 
0.806379 -78.0965 1.20133 -24.4287 -9.67444 -2.58838 
1.02563 -79.4086 3.11215 -25.3818 -8.28918 -0.11748 
1.76628 -81.9799 3.27142 -24.0494 -8.53792 0.267963 
2.55937 -87.2083 2.12913 -22.7574 -14.9148 0.399146 
1.37411 -87.9168 -1.7597 -26.0229 -9.39709 0.516993 
2.15828 -87.2367 -1.76794 -23.2947 -6.03248 -6.39975 
-2.23468 -88.8868 2.17205 -25.6219 0.283669 -0.0392466 
-0.255175 -88.9536 1.32374 -28.8079 -6.1077 1.32423 
1.9167 -86.6228 -3.17076 -27.6731 -6.86304 -3.95624 
5.80899 -90.9111 0.1484 -26.4668 -8.39572 -3.16989 
2.92341 -91.2248 -8.58046 -25.8319 0.762075 0.70522 
3.52563 -94.1259 -10.1964 -26.2431 -13.8681 -5.88449 
0.402084 -92.2918 0.0377671 -27.8164 -3.31015 -3.63448 
-0.757554 -94.9072 -1.86387 -32.7342 -3.3056 -3.00375 
-0.883182 -94.5391 -5.24268 -26.887 -12.3935 0.553316 
5.25653 -93.9455 -0.843297 -27.0425 -11.7252 -5.82217 
-3.39288 -99.663 -8.93226 -30.3405 -0.67481 1.54592 
2.51707 -101.18 8.88253 -28.1467 -12.3991 -1.32816 
-0.511367 -99.2752 3.7599 -26.5649 -2.81789 0.35056 
5.56578 -102.59 -4.06928 -31.2469 -7.29163 -8.34426 
0.150842 -105.351 -5.42234 -26.0091 -0.0890911 -8.27685 
1.20642 -104.348 2.4166 -28.7314 -4.55371 -7.82835 
4.81592 -108.26 -10.3855 -27.1309 -8.66857 -3.29737 
-8.78685 -106.05 0.916322 -34.2752 -1.58637 -4.86355 
-1.73789 -105.176 -3.64341 -31.7045 7.2864 0.720454 
-0.34896 -108.533 5.14628 -29.6701 -5.29031 -1.09624 
1.87938 -109.574 0.781386 -32.5063 -13.4871 -2.3141 
-3.11659 -107.114 1.19648 -33.2212 -1.7373 -2.01969 
3.28793 -111.147 -2.38867 -27.5748 -1.3661 2.51654 
4.275 -108.399 -0.0359157 -30.9025 -2.22033 0.569286 
-7.84772 -111.239 7.88902 -33.9631 -7.64304 2.86277 
-0.0528994 -114.052 1.94962 -34.6125 -5.17964 5.73778 
-0.256272 -116.017 1.19613 -34.2558 3.37664 5.89245 
-0.672542 -114.446 -4.15367 -38.3366 2.53422 5.75351 
-3.02095 -115.04 -3.73012 -38.021 2.32494 7.05401 
4.41215 -118.977 -0.439612 -36.6742 -1.15325 4.65597 
0.976461 -117.789 2.4398 -37.356 6.09044 7.20904 
2.05743 -118.398 3.7091 -38.6602 6.05444 1.53838 
3.63205 -118.231 -4.93138 -34.8369 13.3464 -0.136441 
1.30606 -126.968 0.405888 -34.8082 11.7662 2.78055 
-5.42295 -126.563 -0.73921 -40.1988 14.9139 5.6424 
