-0.998732 -1.58292 3.68343 1.28358 
-2.33212 0.854743 -2.42064 3.53314 
-3.18367 -2.81489 -1.13109 4.80775 
-1.67227 0.86848 -2.26138 14.2096 
-0.209908 -2.59439 -1.84465 5.38329 
-1.43498 -3.58412 -0.657027 1.98115 
-2.21975 0.712116 2.86754 4.52225 
-1.38662 3.37391 5.02391 5.29904 
-2.79426 -3.45167 1.17455 3.68038 
-2.14844 -4.10808 5.34984 -1.54337 
-0.323158 -0.109606 7.49962 7.86388 
1.35487 4.78716 10.3332 4.05233 
2.16183 0.322787 8.10034 2.66892 
2.48401 -2.36095 5.73119 3.14251 
3.42202 4.25818 2.53413 7.62594 
2.70524 1.60087 3.19922 -4.97894 
2.79505 5.44347 -2.97698 -2.05943 
3.61843 2.86677 -6.07034 -0.550209 
3.53608 -4.4755 -9.49981 3.9794 
2.89329 -0.0362109 -9.9241 3.37508 
3.94319 2.62496 -4.89651 3.45483 
3.62548 -0.00848608 -8.89711 0.812424 
2.53893 0.716411 -10.5069 5.58757 
0.892736 -0.574799 -13.8497 14.598 
1.19015 -0.236641 -15.274 5.25597 
0.975574 -0.977459 -13.8507 6.09401 
1.7051 -0.877173 -15.4995 5.25455 
2.26768 -2.63033 -12.2063 2.46124 
0.826635 -3.88535 -14.7766 2.18198 
0.526541 1.21637 -12.0376 -3.406 
2.11711 2.22438 -11.323 1.98508 
1.42585 -3.13676 -11.4598 -0.432626 
1.28433 1.93738 -8.81714 9.59331 
1.95912 -2.67458 -10.5616 1.10714 
2.33176 -2.05769 -6.53409 2.7891 
0.843711 -4.07515 -7.85256 -2.44763 
-1.07576 0.74028 -3.94372 2.81623 
-3.12046 -1.32806 -1.25383 1.51025 
-4.23631 -1.47574 -4.4693 -2.54773 
-6.24223 -1.7872 -4.73377 -3.40423 
-7.55117 -1.19747 -3.65357 -5.62246 
-7.17418 2.49289 -4.43601 -5.29335 
-7.30407 -0.804939 -4.57778 -3.55949 
-8.04708 -1.30223 0.20509 -3.24942 
-5.31664 0.101568 -3.27441 -4.41635 
-4.95051 -3.62066 -2.69452 3.32516 
-3.40167 3.07712 -0.211074 -4.87786 
-2.65359 1.47795 -2.27526 -2.31673 
-2.91593 -7.06839 -2.93886 -1.74075 
-3.59245 -0.287684 -3.53631 5.59711 
-5.07977 -0.977064 -2.46331 7.86291 
-5.03889 0.581401 -0.80089 3.64905 
-4.7637 -4.19515 -5.97452 3.11157 
-5.36703 -3.16987 -0.409724 -4.37896 
-5.29775 -1.34168 -3.5588 2.66576 
-4.76666 -3.81985 -3.188 2.47611 
-4.00686 -5.9296 -2.43585 2.35486 
-2.65488 -0.514355 1.07025 -0.66357 
-2.46807 -1.94908 5.45514 8.54724 
-3.327 -0.980372 5.03345 7.02988 
-0.150381 2.59387 4.4581 12.7878 
-1.67368 -0.908027 0.667292 3.81096 
-0.621506 -0.429887 -1.74857 6.31368 
-2.29001 -0.534146 2.16964 -6.179 
-2.43331 0.916891 -0.210003 6.0017 
-3.66256 3.26727 1.34134 8.26455 
-1.76827 0.329411 -1.55136 0.49298 
-3.38051 1.86091 -2.90754 -9.03059 
-0.975243 2.53588 -4.88882 -5.3954 
-0.533627 1.85788 -4.8828 1.14335 
0.239515 3.14599 -7.87728 -0.542845 
-0.557146 0.719276 -11.8069 -2.89783 
-0.462467 0.277981 -10.8836 -6.13649 
-0.40353 1.15665 -17.043 -2.64798 
-2.01884 -1.91295 -14.0134 -13.9247 
-2.27655 0.256667 -21.0547 -4.06015 
-1.92343 0.419972 -18.8123 -9.17894 
-1.42997 0.72163 -21.1055 -8.93372 
-1.53915 2.71043 -18.3118 -11.2782 
-0.261065 0.68624 -18.2624 -3.42742 
-0.916283 -4.50866 -20.9196 3.96374 
0.679847 -1.20281 -20.5671 -1.22074 
-0.0283782 -4.14804 -20.2596 -3.51591 
-0.00463158 1.87371 -16.2048 -1.2872 
