4.6693973495809 1.7450448511429 
6.0233897060619 9.4002375587159 
10.770561175222 12.825378055551 
10.542951376092 1.9873622632872 
8.8306786359327 8.9955850920098 
7.5327319903203 6.6586479880238 
12.113936367946 19.686091948521 
13.899992668326 20.158667282073 
14.637257952724 13.797968482983 
12.690784242956 13.550493561672 
9.5154651625067 12.443013095039 
10.843024580115 17.50642246276 
11.487874958582 21.90544108511 
16.232303629374 28.296628607474 
15.595295572426 13.100613997505 
13.005949977863 8.2758768036854 
11.105916198252 17.704881239863 
13.687844098486 21.237921228715 
17.606316318541 23.137258162025 
16.383755159294 18.793246383142 
18.636076378946 22.397945231276 
18.121614949954 25.57239012896 
12.634348750926 20.463088446441 
11.438657241797 26.242966053008 
9.4034710167972 38.925221042964 
6.9781256722741 44.7570801527 
9.3756834947319 39.999210568708 
9.9450962536981 40.483745685651 
7.7096412599865 35.914755027974 
0.58252678141923 29.135159776007 
0.39369252368896 40.43439647533 
-4.4681144352135 48.060689853256 
-3.7565096619077 40.450029169464 
-10.092077173591 45.801205191519 
-10.531447914949 55.830997089463 
-8.6586163225346 57.664087563058 
-8.3137039727464 57.977180387364 
-10.299520360472 57.303065590899 
-9.6262967237842 62.555049385104 
-7.8413459455205 65.865880412544 
-11.952906104764 62.21289210372 
-13.488540759664 66.370125706053 
-12.278592719843 71.211789102074 
-12.098978472182 78.908430465657 
-12.256575545938 81.960505209348 
-11.793375219415 82.606125649336 
-9.5297650573097 86.219564301862 
-9.1184253337584 93.299338931663 
-7.103283705714 86.556630374095 
-5.648118611733 85.68904835809 
-1.8602346163909 91.23968103676 
-0.095604778241736 87.522078880505 
-0.37375815265901 80.658412644698 
-0.86188780108399 91.413253370754 
3.8079563373369 90.5753810441 
5.473344693072 91.099887386409 
4.2299159093067 92.29960588299 
6.6970733169375 90.188867800261 
5.1170181218438 89.43572625416 
7.0104406750031 98.204217558366 
6.8497315147239 101.05088910541 
7.4581865941473 105.88196347489 
5.904239915088 107.92796998009 
4.7332188230039 111.12980892891 
4.9780007583404 114.65582712484 
5.2893037819607 122.26735507009 
8.4832850025596 132.32726279829 
7.0720396770286 122.16371151705 
3.5709968550262 126.56413605067 
4.6812893955607 129.92605038153 
5.4602331986456 133.05448721172 
3.1311343548389 130.83030456825 
2.506319058692 140.05489226773 
3.1205244351311 139.99286304366 
2.7406953805705 136.97542003488 
2.1360587316003 143.1373056796 
4.91416659492 150.99984696068 
2.8252476279825 151.70961199308 
5.2874916732127 155.64825896611 
5.7620017392778 155.63415702856 
5.0848722749638 158.81832134169 
3.7682947962459 168.14970054693 
3.9302935503696 158.09846688856 
2.4366372654211 166.70030213845 
0.41399163146061 168.09941706039 
3.4799025729444 170.71930349379 
3.7513864747288 173.65218738713 
5.8618685231859 180.31679162153 
4.52415899848 174.13592684083 
6.7527002433105 182.62360057558 
8.5072277175382 176.66222246827 
6.8808503767127 182.72737575324 
5.02005928128 179.77441758611 
7.997740416006 180.78017892765 
6.3089584384115 182.01372057268 
7.7401381120416 189.50326952928 
5.4342737671007 187.44972499963 
12.478361597216 199.29274389122 
7.1027609202054 186.16043413235 
6.4382214758963 193.88266833709 
