3.5998644329334 -8.597111973716 
3.7234989673796 4.9422788048145 
3.2728136906424 0.049786337177542 
3.6596711767688 -4.8046318608268 
3.420967457212 -4.8348391816752 
2.3519398573224 4.1166439059438 
1.9533004483942 0.88941952405569 
4.2566266855122 1.4150273788727 
0.61099586640047 -2.3663939200033 
0.87741516665929 -0.94407229605921 
1.9926820100576 -1.885195321994 
6.5852215629579 -2.0884470364346 
1.955121401987 -5.2492119743842 
3.6987180188025 -1.1581337228354 
2.1319331709986 -3.8092797270628 
3.1405452693085 4.0616552861651 
3.1754454161176 -8.8858196903224 
0.97111178756789 -4.121604649444 
-1.7223343184661 -3.1009260624429 
1.1974397392965 -2.5051270090779 
3.6129444453779 -1.0457721109876 
4.4775768419747 -0.98453175520426 
4.9019059416993 -0.12347698998842 
1.9791546537789 -2.2644604520599 
4.094562271552 0.83975156544465 
5.604983819645 -6.3789830435665 
3.2973353061862 4.4033140155874 
4.8143296325348 -3.5291415869589 
3.0014393474404 -3.3692539411414 
4.4099405412764 -0.96628500123328 
5.4417766965408 -2.9525362013023 
2.1364596433997 -2.6141691723637 
5.0003072845064 1.2842959323032 
4.7500493180327 3.7797290569905 
4.9311301352215 -1.3713472359398 
2.7759252680069 -5.3172668714037 
3.2952969169173 1.2780104511868 
5.002341306444 -9.3825270952598 
1.6361117750088 2.9923600919513 
2.3237704040338 0.59514334423845 
-1.9211937057509 -4.0801598005981 
5.1086851783833 -4.2012028607278 
1.4287328102371 -7.3713000944412 
0.69988509059906 1.4903033309114 
4.9950256236678 -6.0566944997121 
1.0530552611949 -1.6514045856119 
0.58440109589558 1.088703223132 
5.4452995229782 -1.326323151719 
3.798058088824 2.2208715859831 
1.8481775314956 2.4620885877178 
2.2195839918796 1.1818840011909 
4.1332113096166 1.364782748158 
-0.38323203785983 -9.7385225782393 
4.7587900588543 -1.0250848971569 
3.1744362725902 -3.4554433522915 
8.3120746265061 -2.3560575099834 
2.1856752838994 -3.2190899068691 
5.2041115076797 -4.2529064470627 
4.1001043543897 0.65888465484609 
1.2410059358775 -2.9788725101829 
2.6009426502314 -0.60030696502385 
-0.91745434312622 4.9865536493614 
2.3993158748937 -6.8856664355057 
3.1195707666326 -1.7632000718806 
7.7762284408554 -2.0822694897549 
1.6318346080249 -4.7741819343459 
2.7273557383995 -7.8330835651649 
2.0318994425608 -2.7666670818159 
1.0889021140036 4.5081655823694 
-2.4820239038614 1.687076647847 
4.0665110572314 -4.4363410728322 
3.1309119704037 1.1099308687102 
4.0091555582265 -6.1971180178305 
3.62355418517 4.6094920230781 
6.9593647190978 -4.199792489345 
2.7282389927651 -5.2301479270662 
3.8735866683357 -0.61992223423026 
3.8356764685053 -5.2140955212547 
3.2839319495732 3.4688435260406 
0.038706059092812 3.0093514661961 
0.18170229120998 -2.4042076329699 
0.14388653380674 3.7961551176924 
3.9936529441557 -7.5505520286954 
2.6215844061094 1.9141580556865 
0.75851542979967 0.94224856442207 
4.9741919127677 4.2287575603056 
6.6890513947668 -2.0225151183734 
1.5077311042832 -1.3144868325648 
2.5422418228847 0.23932195367892 
3.1597240233481 -0.65866915027472 
4.5266967379885 -1.5254704444169 
3.6703129835151 -1.2309799168157 
6.6409418926375 3.3851080455075 
5.5220897047038 3.0502615368133 
4.1134057368726 1.2809107696452 
2.5307338643734 -4.2449249591465 
5.7728699227073 -5.8437392752676 
1.3679075833738 -4.2569122177333 
5.7508184609452 2.9153359766546 
6.1678006085833 8.1445203283759 
