-19.1 15.6 -6.4 
-17.3 14.6 -8.9 
-22.2 17.2 -6.8 
-17.6 15.1 -9 
-21.6 17.5 -6.1 
-17.5 15.4 -8.6 
-18.3 16.4 -7 
-17.5 14.8 -8.5 
-11.6 10.4 -6.2 
-8.6 7.6 -5.6 
-9 7.5 -4.5 
-6.2 6.1 -3.4 
-11 9.7 -2.9 
-9.7 9.3 -6.1 
-14.8 12.5 -3.1 
-9.5 8.2 -6.6 
-13.9 11.5 -4.6 
-11.8 9.7 -5.8 
-13.7 11.6 -4.1 
-7.3 7.7 -4.4 
-10.5 8.4 -3.1 
-6.3 7.1 -3.8 
3.6 -1.4 -3 
-0.6 1.4 1.7 
3.7 -1.7 -0.7 
6.1 -4.5 1.6 
9.2 -6.9 1 
0.5 0.1 3 
8.5 -6.3 -1 
4.9 -4.6 1.9 
5.6 -3.8 1.5 
9.9 -7.5 -0.2 
8.5 -6.9 3.4 
6.5 -4.3 3.6 
11.5 -6.9 1 
6.3 -5.8 2.9 
11.7 -7.4 1.4 
10.5 -7.9 3.3 
2.5 -0.5 3.8 
15.2 -10.7 -0.2 
14.9 -11 5.8 
16.7 -13 5.4 
14.5 -10.9 5.8 
17.2 -12.8 5.7 
14.8 -11.4 5.5 
16.8 -11.8 5.3 
24.9 -19.2 4.8 
23.3 -18.8 7.6 
23.1 -18.3 8.1 
17.6 -12.6 7.6 
14.6 -10.2 3.9 
16.1 -10.6 4.8 
12.1 -8.5 4.3 
9.6 -7 3.5 
12.3 -9.4 3.8 
12.5 -8.8 4.6 
10.5 -6.6 4.2 
13 -9.4 3.3 
7.9 -5.9 4.8 
14.7 -9.3 2.5 
12.5 -9.1 4.4 
11.6 -8.4 3.6 
8.7 -6.8 3.6 
7.1 -4.6 4.2 
13.4 -9.4 0.8 
8.8 -5.2 4.2 
7.7 -4.8 1.3 
12.7 -11.2 2.1 
9.8 -8.6 5.2 
18 -13.7 3.1 
15.9 -10.6 8.1 
18 -14 5 
13.7 -10.3 5.6 
13 -10 3.6 
14.9 -10.3 3.5 
5.6 -3.5 4.8 
14.7 -9.7 1.5 
12.3 -9.6 3.9 
6.8 -4.7 5.5 
8.7 -5.9 1.9 
9.6 -7.1 2.3 
8.3 -6.8 2.2 
8 -5 3 
12.8 -9.3 1.9 
15.5 -11.5 5.4 
15.5 -11.3 4.2 
16.8 -12.3 5.7 
13.6 -10.8 4 
13.4 -9.3 4.1 
13.8 -9.3 3.2 
15.7 -11.6 5.3 
21.2 -15.8 6.1 
16.7 -12.3 8.1 
23.6 -17.3 4.7 
19.8 -15.6 8.6 
20.8 -15.6 5.5 
19.4 -13.1 6.6 
20.9 -17.3 4.5 
14.2 -10.8 6.4 
14.6 -11.4 4.4 
15.6 -12.7 3.9 
12.7 -9 6.6 
13.1 -10 3.1 
10.9 -7.2 4.1 
