9.3 -12.1 -18.3 
8.9 -11.6 -19.7 
8.6 -12.1 -19.9 
8 -11.4 -17.2 
7.7 -9.8 -16.6 
8 -11.7 -17.7 
9 -12.9 -19.4 
8.8 -12.1 -17.2 
7.8 -10.6 -17 
8.4 -11.5 -19 
9.7 -13.4 -19.5 
9.8 -13 -19.8 
9.1 -13 -18.2 
9.2 -15 -18.5 
10.8 -13.5 -20.9 
10.6 -13.2 -22.5 
9.2 -12.5 -19.4 
8.9 -13.1 -18.3 
8.8 -13.1 -18.2 
9.1 -12.4 -19.8 
9.5 -13.3 -19.4 
10.4 -14.1 -20.6 
9.8 -13.4 -20.5 
9.3 -14.4 -19.8 
9.9 -12.5 -19.5 
9 -13.5 -19 
10.1 -12.2 -20.2 
8.7 -12.9 -18.3 
9.6 -13.3 -19.8 
9.9 -13.5 -20.1 
9.3 -14 -18 
9.6 -13.4 -18.3 
9.4 -13.8 -19.3 
9.8 -12.9 -18.7 
9.9 -15.2 -22.7 
11.2 -13.3 -23 
10.6 -16 -22.2 
10.4 -13.9 -19.6 
9.5 -14.2 -21.3 
9.7 -13.2 -19.5 
9.7 -13.7 -19.9 
9 -12.8 -18.4 
8.6 -12.4 -17 
8.7 -12.4 -18.9 
9.4 -12.7 -19.3 
8.3 -12.6 -18.4 
9.3 -13 -19 
9.3 -13 -19.6 
9.2 -11.7 -18.4 
9 -12.1 -19.5 
9.6 -14 -19.1 
10.7 -14.3 -20.5 
10 -14.4 -19.4 
10 -12.6 -19.7 
9.5 -13.7 -19.1 
9 -11.9 -19.8 
8.9 -12.5 -19.1 
10.1 -14.5 -20.3 
9.5 -13.6 -19.5 
9 -13.5 -19.6 
10.2 -13.6 -21 
10.5 -16.4 -21.1 
10.9 -15 -21.4 
11 -15.5 -24.6 
10.8 -16.5 -21.9 
10.9 -15.5 -23.2 
11.7 -17.1 -25.3 
12 -16.1 -25.1 
12 -16.9 -24.3 
12 -18.3 -24.7 
11.6 -16.9 -24.2 
12.5 -17.6 -25.1 
13 -17.5 -25.6 
12.2 -18.2 -24.5 
12.2 -16.5 -24.6 
11.6 -16.2 -24 
12 -16.9 -24.6 
11.8 -16.9 -23 
12.5 -16.2 -25.4 
9.9 -14.5 -20.4 
11.2 -16.6 -22.9 
11.5 -15.3 -23.1 
10.6 -15.6 -22.6 
11 -13.7 -23.2 
10.9 -17.1 -22.6 
11.6 -16.6 -21.9 
11.7 -15.6 -24 
11.3 -15.5 -22.7 
10.8 -15.6 -19.5 
10.4 -14 -20.7 
10.3 -15.4 -22.5 
10.9 -15.8 -22 
11.3 -14.6 -22.7 
10.3 -15.2 -20.3 
10.2 -14.9 -20.1 
10.8 -14 -21 
9.9 -15.2 -21.8 
10.5 -15.3 -20.3 
10.5 -14.3 -21 
10.3 -15.2 -22.7 
11 -15.3 -22.1 
10.9 -14.6 -22.8 
10.5 -15 -21.2 
11.4 -17 -23.6 
