-78.2 261.3 470.5 
-81 265.3 480.2 
-83.8 275.8 498.2 
-82.6 274.1 495 
-79.3 263 473.2 
-79.6 263.5 475.8 
-78.7 260.6 469.1 
-73.2 244 439 
-76.5 247.8 449.6 
-73.4 244.4 441 
-75.9 251.3 455.1 
-77.7 253.9 460 
-77.5 256.2 462.3 
-78.6 257 464.6 
-80.4 267.9 483.7 
-81.2 265.6 479.5 
-80.2 266.4 480.2 
-82.9 271.6 491.4 
-85.3 281.4 509.6 
-88.1 289 522.1 
-86.7 287.4 517.4 
-81.6 272.8 491.6 
-82.5 271.8 490.3 
-83 276.3 499.7 
-84.8 279.6 505.1 
-90.1 292.7 530.3 
-84.7 283.1 509.5 
-84.6 278.4 502.1 
-88.5 289.8 524.9 
-89.2 291.8 526.9 
-87.7 290.4 523.8 
-82.5 275.1 495.2 
-81.7 271.8 490.4 
-85.7 282.2 511.3 
-88.3 290.2 525.3 
-87.8 288.3 519.1 
-90.9 298.1 538.4 
-90.6 298.7 538.8 
-92 305.6 551.8 
-91.7 306.4 551.3 
-89.8 299.9 540.2 
-91.5 302.4 546.6 
-93 305.8 552.1 
-90.8 302.3 545 
-90.8 302 545 
-89.6 298.4 537.5 
-87.3 289.2 520.7 
-88 288.4 520.8 
-86.1 285.2 514.8 
-88.1 288.5 522 
-91.6 299.4 542.2 
-92 303.5 548 
-94.8 312.9 565.5 
-93.6 310.2 559 
-89.7 296.2 534.2 
-90 295.5 534.1 
-87.7 290.5 523.5 
-86.7 289.6 521.8 
-85.4 281.9 508.2 
-83.9 276.9 501.2 
-80.1 266.5 480.4 
-79.1 263.7 475.6 
-85.2 276.5 500.5 
-79.9 264 475.9 
-75.8 252.7 455.8 
-76.5 253.3 456 
-79.7 260.6 473.5 
-79.8 263.1 474.5 
-82.1 268.7 485.4 
-82.4 269.7 487.7 
-80.5 265.8 478.3 
-81.1 268.9 486 
-80.9 267.2 482.4 
-83.3 272.8 492.7 
-80.7 269.3 484.9 
-81.3 267.8 483.5 
-77.8 256.8 463.5 
-76.6 252.7 457.2 
-75.8 250.3 452.2 
-71.3 238.4 428.7 
-69.5 229.8 413.9 
-66.2 220.9 397.9 
-66.4 219.9 397.1 
-65.2 216.6 390.1 
-62.2 207.9 375.1 
-63.5 209.4 378.7 
-64.5 212.8 384.5 
-63.5 211.1 380 
-62.9 210.6 379.4 
-61.6 201.4 364 
-62.2 202.5 365.5 
-56 186.7 334.9 
-56.3 183.6 330.4 
-59.6 194.2 352 
-56.9 189.1 342.1 
-55.1 182.1 328.2 
-53 179.2 322.5 
-50.2 168.6 303.7 
-56.4 183.2 331.8 
-58.2 192.8 347.9 
-53.8 180.4 325.2 
-53.5 177.5 319.7 
-58.9 190.3 345.8 
-53.4 178.5 321.1 
